0 1799 3200 4200 4800 5000 4800 4200 3200 1799 0 2200 4800 7800 11200 15000 19200 23800 28800 34200 40000 46200 52800 59800 67200 
1000 2800 4200 5200 5800 6000 5800 5200 4200 2800 1000 1200 3800 6800 10200 14000 18200 22800 27800 33200 39000 45200 51800 58800 66200 
2000 3800 5200 6200 6800 7000 6800 6200 5200 3800 2000 200 2800 5800 9200 13000 17200 21800 26800 32200 38000 44200 50800 57800 65200 
3000 4800 6200 7200 7800 8000 7800 7200 6200 4800 3000 799 1800 4800 8200 12000 16200 20800 25800 31200 37000 43200 49800 56800 64200 
4000 5800 7200 8200 8800 9000 8800 8200 7200 5800 4000 1799 800 3800 7199 11000 15200 19800 24800 30200 36000 42200 48800 55800 63200 
5000 6800 8200 9200 9800 10000 9800 9200 8200 6800 5000 2800 199 2800 6199 10000 14200 18800 23800 29200 35000 41200 47800 54800 62200 
6000 7800 9200 10200 10800 11000 10800 10200 9200 7800 6000 3800 1199 1800 5199 9000 13200 17800 22800 28200 34000 40200 46800 53800 61200 
7000 8800 10200 11200 11800 12000 11800 11200 10200 8800 7000 4800 2199 800 4199 8000 12200 16800 21800 27200 33000 39200 45800 52800 60200 
8000 9800 11200 12200 12800 13000 12800 12200 11200 9800 8000 5800 3199 199 3199 7000 11200 15800 20800 26200 32000 38200 44800 51800 59200 
9000 10800 12200 13200 13800 14000 13800 13200 12200 10800 9000 6800 4199 1199 2199 6000 10200 14800 19800 25200 31000 37200 43800 50800 58200 
10000 11800 13200 14200 14800 15000 14800 14200 13200 11800 10000 7800 5199 2199 1199 5000 9200 13800 18800 24200 30000 36200 42800 49800 57200 
11000 12800 14200 15200 15800 16000 15800 15200 14200 12800 11000 8800 6199 3199 199 4000 8200 12800 17800 23200 29000 35200 41800 48800 56200 
12000 13800 15200 16200 16800 17000 16800 16200 15200 13800 12000 9800 7199 4199 800 3000 7200 11800 16800 22200 28000 34200 40800 47800 55200 
13000 14800 16200 17200 17800 18000 17800 17200 16200 14800 13000 10800 8200 5199 1800 2000 6200 10800 15800 21200 27000 33200 39800 46800 54200 
14000 15800 17200 18200 18800 19000 18800 18200 17200 15800 14000 11800 9200 6199 2800 1000 5200 9800 14800 20200 26000 32200 38800 45800 53200 
15000 16800 18200 19200 19800 20000 19800 19200 18200 16800 15000 12800 10200 7199 3800 0 4200 8800 13800 19200 25000 31200 37800 44800 52200 
16000 17800 19200 20200 20800 21000 20800 20200 19200 17800 16000 13800 11200 8200 4800 1000 3200 7800 12800 18200 24000 30200 36800 43800 51200 

